1319
0 55 1 58
0 75 1 78
0 85 1 88
0 145 1 148
0 150 1 153
0 180 1 183
0 205 1 208
2 0 3 3
2 10 3 13
2 25 3 28
2 75 3 78
2 80 3 83
2 95 3 98
2 100 3 103
2 105 3 108
2 150 3 153
2 155 3 158
2 160 3 163
2 205 3 208
2 235 3 238
2 245 3 248
4 10 5 13
4 25 5 28
4 35 5 38
4 70 5 73
4 90 5 93
4 100 5 103
4 110 5 113
4 115 5 118
4 120 5 123
4 125 5 128
4 135 5 138
4 170 5 173
4 175 5 178
4 200 5 203
4 210 5 213
6 50 7 53
6 55 7 58
6 60 7 63
6 100 7 103
6 150 7 153
6 165 7 168
6 175 7 178
6 205 7 208
6 220 7 223
6 240 7 243
6 245 7 248
8 65 9 68
8 70 9 73
8 75 9 78
8 90 9 93
8 95 9 98
8 115 9 118
8 130 9 133
8 150 9 153
8 190 9 193
8 200 9 203
8 210 9 213
10 35 11 38
10 45 11 48
10 55 11 58
10 70 11 73
10 85 11 88
10 90 11 93
10 95 11 98
10 110 11 113
10 115 11 118
10 130 11 133
10 140 11 143
10 145 11 148
10 180 11 183
10 195 11 198
10 215 11 218
10 220 11 223
10 230 11 233
10 240 11 243
12 5 13 8
12 25 13 28
12 65 13 68
12 85 13 88
12 135 13 138
12 155 13 158
12 175 13 178
12 180 13 183
12 190 13 193
12 200 13 203
12 210 13 213
12 220 13 223
12 240 13 243
14 50 15 53
14 55 15 58
14 65 15 68
14 85 15 88
14 95 15 98
14 100 15 103
14 115 15 118
14 130 15 133
14 175 15 178
14 205 15 208
14 210 15 213
14 220 15 223
14 235 15 238
16 10 17 13
16 90 17 93
16 105 17 108
16 155 17 158
16 175 17 178
16 180 17 183
16 190 17 193
16 200 17 203
16 215 17 218
18 5 19 8
18 30 19 33
18 35 19 38
18 40 19 43
18 45 19 48
18 65 19 68
18 125 19 128
18 130 19 133
18 150 19 153
18 160 19 163
18 170 19 173
18 175 19 178
18 185 19 188
18 230 19 233
18 240 19 243
20 20 21 23
20 30 21 33
20 40 21 43
20 55 21 58
20 100 21 103
20 110 21 113
20 155 21 158
20 160 21 163
20 165 21 168
20 210 21 213
20 230 21 233
20 245 21 248
22 15 23 18
22 35 23 38
22 55 23 58
22 75 23 78
22 95 23 98
22 140 23 143
22 155 23 158
22 165 23 168
22 185 23 188
22 190 23 193
24 25 25 28
24 35 25 38
24 40 25 43
24 50 25 53
24 55 25 58
24 75 25 78
24 90 25 93
24 100 25 103
24 125 25 128
24 130 25 133
24 145 25 148
24 150 25 153
24 220 25 223
24 230 25 233
26 25 27 28
26 35 27 38
26 55 27 58
26 65 27 68
26 165 27 168
26 205 27 208
26 230 27 233
26 235 27 238
28 5 29 8
28 25 29 28
28 30 29 33
28 45 29 48
28 55 29 58
28 75 29 78
28 95 29 98
28 100 29 103
28 110 29 113
28 140 29 143
28 145 29 148
28 170 29 173
28 190 29 193
28 200 29 203
28 205 29 208
28 215 29 218
28 225 29 228
28 235 29 238
28 240 29 243
30 35 31 38
30 40 31 43
30 45 31 48
30 60 31 63
30 65 31 68
30 85 31 88
30 90 31 93
30 105 31 108
30 120 31 123
30 130 31 133
30 135 31 138
30 140 31 143
30 145 31 148
30 165 31 168
30 170 31 173
30 185 31 188
30 195 31 198
30 200 31 203
30 230 31 233
30 235 31 238
32 10 33 13
32 15 33 18
32 20 33 23
32 25 33 28
32 35 33 38
32 40 33 43
32 55 33 58
32 75 33 78
32 85 33 88
32 165 33 168
32 170 33 173
32 175 33 178
32 185 33 188
32 210 33 213
32 225 33 228
32 230 33 233
32 245 33 248
34 10 35 13
34 35 35 38
34 65 35 68
34 75 35 78
34 125 35 128
34 140 35 143
34 155 35 158
34 160 35 163
34 170 35 173
34 195 35 198
34 215 35 218
34 230 35 233
34 235 35 238
34 240 35 243
36 0 37 3
36 30 37 33
36 60 37 63
36 65 37 68
36 75 37 78
36 115 37 118
36 150 37 153
36 165 37 168
36 170 37 173
36 180 37 183
36 185 37 188
36 190 37 193
36 215 37 218
36 235 37 238
36 240 37 243
38 0 39 3
38 80 39 83
38 90 39 93
38 135 39 138
38 145 39 148
38 185 39 188
38 220 39 223
38 225 39 228
38 240 39 243
40 15 41 18
40 20 41 23
40 30 41 33
40 35 41 38
40 50 41 53
40 60 41 63
40 75 41 78
40 80 41 83
40 85 41 88
40 90 41 93
40 110 41 113
40 115 41 118
40 120 41 123
40 130 41 133
40 150 41 153
40 165 41 168
40 175 41 178
40 185 41 188
40 195 41 198
40 205 41 208
40 220 41 223
40 235 41 238
40 240 41 243
42 15 43 18
42 25 43 28
42 30 43 33
42 55 43 58
42 70 43 73
42 90 43 93
42 95 43 98
42 100 43 103
42 120 43 123
42 125 43 128
42 140 43 143
42 150 43 153
42 225 43 228
44 15 45 18
44 20 45 23
44 55 45 58
44 75 45 78
44 85 45 88
44 90 45 93
44 95 45 98
44 100 45 103
44 105 45 108
44 135 45 138
44 145 45 148
44 165 45 168
44 190 45 193
44 195 45 198
44 220 45 223
44 230 45 233
46 25 47 28
46 80 47 83
46 100 47 103
46 125 47 128
46 135 47 138
46 145 47 148
46 155 47 158
46 190 47 193
46 215 47 218
46 220 47 223
46 225 47 228
46 230 47 233
46 240 47 243
48 90 49 93
48 95 49 98
48 110 49 113
48 135 49 138
48 155 49 158
48 160 49 163
48 170 49 173
48 175 49 178
48 180 49 183
48 190 49 193
48 195 49 198
48 200 49 203
48 235 49 238
48 240 49 243
50 40 51 43
50 45 51 48
50 55 51 58
50 60 51 63
50 75 51 78
50 165 51 168
50 170 51 173
50 210 51 213
50 225 51 228
50 245 51 248
52 65 53 68
52 75 53 78
52 105 53 108
52 140 53 143
52 165 53 168
52 170 53 173
52 205 53 208
52 210 53 213
52 220 53 223
52 230 53 233
52 245 53 248
54 0 55 3
54 5 55 8
54 10 55 13
54 25 55 28
54 40 55 43
54 45 55 48
54 50 55 53
54 65 55 68
54 70 55 73
54 90 55 93
54 110 55 113
54 125 55 128
54 135 55 138
54 155 55 158
54 170 55 173
54 190 55 193
54 200 55 203
54 220 55 223
54 245 55 248
56 30 57 33
56 70 57 73
56 75 57 78
56 115 57 118
56 145 57 148
56 155 57 158
56 180 57 183
56 185 57 188
56 195 57 198
56 205 57 208
56 225 57 228
56 235 57 238
56 240 57 243
56 245 57 248
58 15 59 18
58 25 59 28
58 30 59 33
58 60 59 63
58 65 59 68
58 95 59 98
58 125 59 128
58 220 59 223
58 240 59 243
60 0 61 3
60 45 61 48
60 65 61 68
60 70 61 73
60 80 61 83
60 85 61 88
60 110 61 113
60 130 61 133
60 135 61 138
60 145 61 148
60 175 61 178
60 225 61 228
62 10 63 13
62 40 63 43
62 60 63 63
62 90 63 93
62 140 63 143
62 155 63 158
62 185 63 188
62 195 63 198
62 200 63 203
62 205 63 208
62 210 63 213
62 220 63 223
62 240 63 243
64 0 65 3
64 10 65 13
64 35 65 38
64 45 65 48
64 65 65 68
64 175 65 178
64 180 65 183
64 205 65 208
64 225 65 228
64 240 65 243
66 25 67 28
66 30 67 33
66 60 67 63
66 75 67 78
66 85 67 88
66 140 67 143
66 145 67 148
66 210 67 213
66 215 67 218
68 0 69 3
68 30 69 33
68 60 69 63
68 65 69 68
68 75 69 78
68 85 69 88
68 105 69 108
68 110 69 113
68 120 69 123
68 145 69 148
68 170 69 173
68 205 69 208
68 215 69 218
68 225 69 228
70 0 71 3
70 60 71 63
70 65 71 68
70 70 71 73
70 80 71 83
70 95 71 98
70 100 71 103
70 105 71 108
70 115 71 118
70 125 71 128
70 145 71 148
70 160 71 163
70 200 71 203
70 220 71 223
70 245 71 248
72 5 73 8
72 20 73 23
72 35 73 38
72 50 73 53
72 60 73 63
72 65 73 68
72 75 73 78
72 110 73 113
72 120 73 123
72 125 73 128
72 130 73 133
72 140 73 143
72 175 73 178
72 205 73 208
72 240 73 243
74 5 75 8
74 55 75 58
74 125 75 128
74 165 75 168
74 195 75 198
74 200 75 203
74 205 75 208
74 210 75 213
74 215 75 218
74 225 75 228
76 60 77 63
76 125 77 128
76 130 77 133
76 140 77 143
76 160 77 163
76 165 77 168
76 170 77 173
76 195 77 198
76 220 77 223
76 235 77 238
78 5 79 8
78 15 79 18
78 25 79 28
78 35 79 38
78 50 79 53
78 55 79 58
78 80 79 83
78 95 79 98
78 105 79 108
78 110 79 113
78 160 79 163
78 165 79 168
78 175 79 178
78 190 79 193
78 200 79 203
78 205 79 208
78 230 79 233
78 245 79 248
80 0 81 3
80 5 81 8
80 45 81 48
80 55 81 58
80 85 81 88
80 90 81 93
80 135 81 138
80 140 81 143
80 145 81 148
80 150 81 153
80 175 81 178
80 190 81 193
80 230 81 233
80 240 81 243
82 0 83 3
82 15 83 18
82 20 83 23
82 25 83 28
82 40 83 43
82 50 83 53
82 55 83 58
82 60 83 63
82 70 83 73
82 85 83 88
82 90 83 93
82 95 83 98
82 110 83 113
82 115 83 118
82 120 83 123
82 125 83 128
82 135 83 138
82 155 83 158
82 165 83 168
82 200 83 203
82 205 83 208
82 230 83 233
82 245 83 248
84 25 85 28
84 40 85 43
84 45 85 48
84 90 85 93
84 150 85 153
84 165 85 168
84 170 85 173
84 175 85 178
84 190 85 193
84 205 85 208
84 215 85 218
86 5 87 8
86 40 87 43
86 50 87 53
86 65 87 68
86 90 87 93
86 105 87 108
86 140 87 143
86 155 87 158
86 170 87 173
86 190 87 193
86 230 87 233
86 235 87 238
86 240 87 243
88 20 89 23
88 40 89 43
88 45 89 48
88 55 89 58
88 60 89 63
88 70 89 73
88 105 89 108
88 120 89 123
88 125 89 128
88 130 89 133
88 140 89 143
88 150 89 153
88 155 89 158
88 190 89 193
88 210 89 213
88 240 89 243
88 245 89 248
90 20 91 23
90 30 91 33
90 35 91 38
90 55 91 58
90 65 91 68
90 70 91 73
90 75 91 78
90 135 91 138
90 140 91 143
90 150 91 153
90 170 91 173
90 195 91 198
90 245 91 248
92 0 93 3
92 15 93 18
92 30 93 33
92 35 93 38
92 55 93 58
92 65 93 68
92 70 93 73
92 90 93 93
92 95 93 98
92 105 93 108
92 110 93 113
92 155 93 158
92 165 93 168
92 175 93 178
92 180 93 183
92 195 93 198
92 220 93 223
94 5 95 8
94 10 95 13
94 15 95 18
94 30 95 33
94 40 95 43
94 45 95 48
94 55 95 58
94 80 95 83
94 85 95 88
94 90 95 93
94 125 95 128
94 150 95 153
94 155 95 158
94 165 95 168
94 190 95 193
94 225 95 228
94 235 95 238
96 80 97 83
96 105 97 108
96 115 97 118
96 135 97 138
96 140 97 143
96 150 97 153
96 180 97 183
96 220 97 223
96 225 97 228
96 230 97 233
96 235 97 238
96 240 97 243
96 245 97 248
98 5 99 8
98 50 99 53
98 55 99 58
98 90 99 93
98 125 99 128
98 135 99 138
98 155 99 158
98 170 99 173
98 215 99 218
98 225 99 228
98 235 99 238
100 0 101 3
100 45 101 48
100 50 101 53
100 60 101 63
100 95 101 98
100 100 101 103
100 135 101 138
100 165 101 168
100 170 101 173
100 190 101 193
100 215 101 218
100 235 101 238
100 240 101 243
100 245 101 248
102 20 103 23
102 40 103 43
102 50 103 53
102 60 103 63
102 115 103 118
102 120 103 123
102 145 103 148
102 180 103 183
102 190 103 193
102 205 103 208
102 210 103 213
102 230 103 233
104 20 105 23
104 30 105 33
104 40 105 43
104 50 105 53
104 75 105 78
104 90 105 93
104 95 105 98
104 135 105 138
104 160 105 163
104 180 105 183
104 185 105 188
104 190 105 193
104 195 105 198
104 200 105 203
104 235 105 238
106 15 107 18
106 40 107 43
106 75 107 78
106 95 107 98
106 130 107 133
106 135 107 138
106 150 107 153
106 185 107 188
106 195 107 198
106 230 107 233
108 50 109 53
108 75 109 78
108 80 109 83
108 105 109 108
108 110 109 113
108 125 109 128
108 160 109 163
108 165 109 168
108 175 109 178
108 180 109 183
108 185 109 188
108 200 109 203
108 215 109 218
108 230 109 233
108 235 109 238
110 25 111 28
110 30 111 33
110 60 111 63
110 70 111 73
110 80 111 83
110 95 111 98
110 115 111 118
110 120 111 123
110 140 111 143
110 150 111 153
110 185 111 188
110 200 111 203
110 240 111 243
110 245 111 248
112 35 113 38
112 65 113 68
112 90 113 93
112 95 113 98
112 100 113 103
112 170 113 173
112 185 113 188
112 205 113 208
112 215 113 218
112 240 113 243
114 0 115 3
114 55 115 58
114 70 115 73
114 85 115 88
114 95 115 98
114 105 115 108
114 160 115 163
114 175 115 178
114 180 115 183
114 185 115 188
114 195 115 198
114 200 115 203
114 210 115 213
114 215 115 218
114 240 115 243
114 245 115 248
116 0 117 3
116 50 117 53
116 65 117 68
116 85 117 88
116 90 117 93
116 135 117 138
116 165 117 168
116 185 117 188
116 195 117 198
116 205 117 208
116 210 117 213
116 235 117 238
118 40 119 43
118 50 119 53
118 60 119 63
118 80 119 83
118 85 119 88
118 100 119 103
118 105 119 108
118 125 119 128
118 175 119 178
118 190 119 193
118 215 119 218
118 230 119 233
120 5 121 8
120 15 121 18
120 20 121 23
120 35 121 38
120 55 121 58
120 80 121 83
120 90 121 93
120 110 121 113
120 135 121 138
120 145 121 148
120 175 121 178
120 185 121 188
120 200 121 203
122 25 123 28
122 30 123 33
122 45 123 48
122 65 123 68
122 110 123 113
122 115 123 118
122 145 123 148
122 165 123 168
122 200 123 203
122 225 123 228
124 30 125 33
124 60 125 63
124 80 125 83
124 100 125 103
124 105 125 108
124 145 125 148
124 155 125 158
124 190 125 193
124 205 125 208
124 215 125 218
124 220 125 223
124 230 125 233
124 235 125 238
124 240 125 243
126 0 127 3
126 20 127 23
126 30 127 33
126 50 127 53
126 55 127 58
126 80 127 83
126 110 127 113
126 125 127 128
126 135 127 138
126 140 127 143
126 150 127 153
126 185 127 188
126 205 127 208
126 210 127 213
126 220 127 223
126 235 127 238
126 240 127 243
128 15 129 18
128 40 129 43
128 70 129 73
128 90 129 93
128 95 129 98
128 110 129 113
128 115 129 118
128 125 129 128
128 145 129 148
128 150 129 153
128 165 129 168
128 175 129 178
128 180 129 183
128 190 129 193
128 195 129 198
130 0 131 3
130 5 131 8
130 25 131 28
130 30 131 33
130 100 131 103
130 160 131 163
130 180 131 183
130 205 131 208
130 215 131 218
130 220 131 223
130 245 131 248
132 40 133 43
132 55 133 58
132 70 133 73
132 90 133 93
132 95 133 98
132 125 133 128
132 160 133 163
132 165 133 168
132 195 133 198
132 220 133 223
132 240 133 243
134 10 135 13
134 75 135 78
134 85 135 88
134 125 135 128
134 155 135 158
134 165 135 168
134 195 135 198
134 205 135 208
134 235 135 238
134 245 135 248
136 0 137 3
136 85 137 88
136 95 137 98
136 100 137 103
136 135 137 138
136 140 137 143
136 145 137 148
136 150 137 153
136 175 137 178
136 200 137 203
136 215 137 218
136 235 137 238
138 0 139 3
138 5 139 8
138 35 139 38
138 45 139 48
138 50 139 53
138 55 139 58
138 70 139 73
138 85 139 88
138 105 139 108
138 110 139 113
138 135 139 138
138 170 139 173
138 200 139 203
138 230 139 233
138 240 139 243
140 25 141 28
140 45 141 48
140 95 141 98
140 105 141 108
140 110 141 113
140 115 141 118
140 145 141 148
140 170 141 173
140 190 141 193
140 195 141 198
140 215 141 218
140 220 141 223
140 245 141 248
142 15 143 18
142 20 143 23
142 30 143 33
142 50 143 53
142 55 143 58
142 60 143 63
142 75 143 78
142 85 143 88
142 90 143 93
142 115 143 118
142 125 143 128
142 140 143 143
142 145 143 148
142 150 143 153
142 160 143 163
142 170 143 173
142 225 143 228
144 10 145 13
144 15 145 18
144 25 145 28
144 30 145 33
144 65 145 68
144 70 145 73
144 100 145 103
144 145 145 148
144 185 145 188
144 195 145 198
144 210 145 213
146 5 147 8
146 15 147 18
146 25 147 28
146 35 147 38
146 40 147 43
146 45 147 48
146 60 147 63
146 110 147 113
146 170 147 173
146 200 147 203
146 235 147 238
146 240 147 243
148 0 149 3
148 10 149 13
148 90 149 93
148 100 149 103
148 120 149 123
148 215 149 218
148 225 149 228
148 230 149 233
148 240 149 243
148 245 149 248
150 10 151 13
150 20 151 23
150 25 151 28
150 60 151 63
150 80 151 83
150 90 151 93
150 95 151 98
150 100 151 103
150 130 151 133
150 135 151 138
150 140 151 143
150 200 151 203
152 15 153 18
152 35 153 38
152 65 153 68
152 80 153 83
152 95 153 98
152 125 153 128
152 130 153 133
152 135 153 138
152 145 153 148
152 160 153 163
152 180 153 183
152 190 153 193
152 195 153 198
152 215 153 218
154 10 155 13
154 50 155 53
154 70 155 73
154 90 155 93
154 95 155 98
154 155 155 158
154 175 155 178
154 185 155 188
154 195 155 198
154 215 155 218
154 240 155 243
154 245 155 248
156 10 157 13
156 20 157 23
156 35 157 38
156 55 157 58
156 85 157 88
156 95 157 98
156 105 157 108
156 110 157 113
156 125 157 128
156 150 157 153
156 170 157 173
156 185 157 188
156 190 157 193
156 195 157 198
156 210 157 213
156 220 157 223
156 225 157 228
156 245 157 248
158 5 159 8
158 10 159 13
158 65 159 68
158 85 159 88
158 95 159 98
158 155 159 158
158 180 159 183
158 205 159 208
160 30 161 33
160 35 161 38
160 65 161 68
160 95 161 98
160 115 161 118
160 125 161 128
160 160 161 163
160 165 161 168
160 170 161 173
160 190 161 193
160 205 161 208
160 210 161 213
160 230 161 233
160 245 161 248
162 10 163 13
162 100 163 103
162 105 163 108
162 125 163 128
162 140 163 143
162 165 163 168
162 180 163 183
162 210 163 213
162 220 163 223
162 225 163 228
164 75 165 78
164 145 165 148
164 165 165 168
164 170 165 173
164 225 165 228
166 5 167 8
166 15 167 18
166 20 167 23
166 25 167 28
166 35 167 38
166 55 167 58
166 60 167 63
166 105 167 108
166 115 167 118
166 160 167 163
166 220 167 223
166 245 167 248
168 0 169 3
168 5 169 8
168 15 169 18
168 20 169 23
168 35 169 38
168 40 169 43
168 45 169 48
168 55 169 58
168 70 169 73
168 80 169 83
168 100 169 103
168 155 169 158
168 190 169 193
168 230 169 233
170 15 171 18
170 50 171 53
170 55 171 58
170 65 171 68
170 105 171 108
170 110 171 113
170 115 171 118
170 120 171 123
170 130 171 133
170 140 171 143
170 150 171 153
170 215 171 218
170 230 171 233
170 240 171 243
172 10 173 13
172 35 173 38
172 45 173 48
172 50 173 53
172 80 173 83
172 100 173 103
172 115 173 118
172 120 173 123
172 125 173 128
172 140 173 143
172 155 173 158
172 175 173 178
172 205 173 208
174 15 175 18
174 25 175 28
174 35 175 38
174 45 175 48
174 55 175 58
174 70 175 73
174 75 175 78
174 80 175 83
174 95 175 98
174 145 175 148
174 150 175 153
174 155 175 158
174 170 175 173
174 180 175 183
174 215 175 218
174 220 175 223
174 240 175 243
176 5 177 8
176 15 177 18
176 40 177 43
176 55 177 58
176 65 177 68
176 80 177 83
176 115 177 118
176 140 177 143
176 220 177 223
176 235 177 238
178 0 179 3
178 15 179 18
178 50 179 53
178 55 179 58
178 70 179 73
178 115 179 118
178 120 179 123
178 155 179 158
178 165 179 168
178 190 179 193
180 25 181 28
180 30 181 33
180 40 181 43
180 45 181 48
180 50 181 53
180 65 181 68
180 70 181 73
180 75 181 78
180 115 181 118
180 120 181 123
180 125 181 128
180 130 181 133
180 145 181 148
180 210 181 213
180 235 181 238
182 0 183 3
182 5 183 8
182 10 183 13
182 15 183 18
182 30 183 33
182 75 183 78
182 80 183 83
182 90 183 93
184 0 185 3
184 40 185 43
184 70 185 73
184 95 185 98
184 160 185 163
184 170 185 173
184 190 185 193
184 235 185 238
184 240 185 243
184 245 185 248
186 15 187 18
186 20 187 23
186 30 187 33
186 75 187 78
186 130 187 133
186 140 187 143
186 175 187 178
186 190 187 193
186 195 187 198
186 200 187 203
186 205 187 208
186 215 187 218
186 230 187 233
188 5 189 8
188 10 189 13
188 45 189 48
188 50 189 53
188 55 189 58
188 60 189 63
188 65 189 68
188 70 189 73
188 85 189 88
188 105 189 108
188 115 189 118
188 130 189 133
188 150 189 153
188 160 189 163
188 165 189 168
188 180 189 183
188 195 189 198
188 220 189 223
188 240 189 243
190 5 191 8
190 20 191 23
190 40 191 43
190 120 191 123
190 125 191 128
190 130 191 133
190 145 191 148
190 160 191 163
190 175 191 178
190 185 191 188
190 205 191 208
190 215 191 218
190 230 191 233
190 240 191 243
190 245 191 248
192 15 193 18
192 20 193 23
192 40 193 43
192 60 193 63
192 75 193 78
192 80 193 83
192 95 193 98
192 120 193 123
192 125 193 128
192 140 193 143
192 145 193 148
192 150 193 153
192 220 193 223
192 240 193 243
194 35 195 38
194 60 195 63
194 90 195 93
194 95 195 98
194 110 195 113
194 145 195 148
194 155 195 158
194 165 195 168
194 175 195 178
194 190 195 193
194 220 195 223
194 235 195 238
194 240 195 243
196 0 197 3
196 5 197 8
196 45 197 48
196 65 197 68
196 95 197 98
196 110 197 113
196 120 197 123
196 130 197 133
196 150 197 153
196 170 197 173
196 190 197 193
196 220 197 223
196 225 197 228
196 245 197 248
198 0 199 3
198 10 199 13
198 55 199 58
198 60 199 63
198 70 199 73
198 100 199 103
198 115 199 118
198 130 199 133
198 155 199 158
198 160 199 163
198 175 199 178
198 225 199 228
198 240 199 243
